[mlp]
49 2 20

[inputs]
1 0 0 0 0 0 1
0 1 0 0 0 1 0
0 0 1 0 1 0 0
0 0 0 1 0 0 0
0 0 1 0 1 0 0
0 1 0 0 0 1 0
1 0 0 0 0 0 1

0 1 0 0 0 0 1
0 1 0 0 0 1 0
0 0 1 0 1 0 0
0 0 0 1 0 0 0
0 0 1 0 1 0 0
0 1 0 0 0 1 0
0 1 0 0 0 0 1

1 0 0 0 0 1 0
0 1 0 0 0 1 0
0 0 1 0 1 0 0
0 0 0 1 0 0 0
0 0 1 0 1 0 0
0 1 0 0 0 1 0
0 1 0 0 0 0 1

1 0 0 0 0 1 1
0 1 0 0 1 0 0
0 0 1 0 1 0 0
0 0 0 1 0 0 0
0 0 1 0 1 1 0
1 1 0 0 0 0 1
0 0 0 0 0 0 1

0 0 0 0 0 1 0
0 0 0 0 0 1 0
1 1 1 0 1 0 0
0 0 0 1 0 0 0
0 0 1 0 1 0 0
0 1 0 0 0 1 0
0 1 0 0 0 1 0

0 1 0 0 0 0 0
0 1 0 0 0 0 0
0 0 1 0 1 1 1
0 0 0 1 0 0 0
0 1 1 0 1 0 0
1 1 0 0 0 1 0
0 0 0 0 0 0 1

1 0 0 0 0 0 0
0 1 0 0 0 1 1
0 0 1 0 1 0 0
0 0 0 1 0 0 0
0 0 1 0 1 0 0
0 1 0 0 0 1 1
1 0 0 0 0 0 0

0 1 0 0 0 0 1
0 1 0 0 0 1 0
0 0 1 0 1 0 0
0 0 0 1 0 0 0
0 0 1 0 1 0 0
0 1 0 0 0 1 1
1 0 0 0 0 0 0

0 0 0 0 0 0 1
1 1 0 0 0 1 0
0 0 1 0 1 0 0
0 0 0 1 0 0 0
0 0 1 0 1 0 0
1 1 0 0 0 1 0
0 0 0 0 0 0 1

1 0 0 0 0 0 1
0 1 0 0 0 1 0
0 1 0 0 1 0 0
0 0 1 1 0 0 0
0 0 1 0 1 0 0
0 1 0 0 0 1 0
1 0 0 0 0 1 0

0 0 1 1 1 0 0
0 1 0 0 0 1 0
1 0 0 0 0 0 1
1 0 0 0 0 0 1
1 0 0 0 0 0 1
0 1 0 0 0 1 0
0 0 1 1 1 0 0

0 0 1 1 1 0 0
0 1 0 0 0 1 0
1 0 0 0 0 1 0
1 0 0 0 0 0 1
1 0 0 0 0 0 1
0 1 0 0 0 1 0
0 0 1 1 1 0 0

0 0 1 1 1 0 0
0 1 0 0 0 1 0
1 0 0 0 0 0 1
1 0 0 0 0 0 1
1 0 0 0 0 0 1
0 1 0 0 1 1 0
0 0 1 1 0 0 0

0 1 1 1 1 0 0
0 1 0 0 0 1 0
1 0 0 0 0 0 1
1 0 0 0 0 0 1
1 0 0 0 0 0 1
0 1 0 0 1 1 0
0 0 1 1 1 0 0

0 0 1 1 1 0 0
0 1 0 0 0 1 0
1 0 0 0 0 1 0
1 0 0 0 0 0 1
1 0 0 0 0 0 1
0 1 0 0 0 1 0
0 0 1 1 1 0 0

0 0 1 1 1 0 0
0 1 0 0 0 1 0
1 0 0 0 0 0 1
1 0 0 0 0 0 1
1 0 0 0 0 0 1
0 1 0 0 0 1 0
0 0 1 1 1 0 0

0 0 1 1 1 0 0
0 1 0 0 0 1 0
1 0 0 0 0 0 1
1 0 0 0 0 0 1
1 0 0 0 0 1 0
1 0 0 0 0 1 0
0 1 1 1 1 0 0

0 0 1 1 1 1 0
0 1 0 0 0 0 1
1 0 0 0 0 0 1
1 0 0 0 0 0 1
0 1 0 0 0 0 1
0 1 0 0 0 1 0
0 0 1 1 1 0 0

0 0 1 1 1 0 0
0 1 0 0 0 1 0
1 0 0 0 0 0 1
1 0 0 0 0 0 1
1 0 0 0 0 0 1
0 1 0 0 0 1 0
0 0 1 1 1 0 0

0 1 1 1 1 0 0
0 1 0 0 0 1 0
1 0 0 0 0 0 1
1 0 0 0 0 0 1
1 0 0 0 0 0 1
0 1 0 0 0 1 0
0 1 1 1 1 0 0

[outputs]
1 0
1 0
1 0
1 0
1 0
1 0
1 0
1 0
1 0
1 0
0 1
0 1
0 1
0 1
0 1
0 1
0 1
0 1
0 1
0 1




