[mlp]
4 4 20

[inputs]
0.09 0.05 1 0
0.16 0.10 1 0
0.11 0.03 0 0
0.12 0.08 0 0
0.21 0.02 0 0.1
0.10 0.17 1 0
0.18 0.23 1 0
0.26 0.02 0 0.1
0.35 0.06 0 0.2
0.42 0.02 0 0.2
0.18 0.12 1 0
0.25 0.24 1 0
0.26 0.15 1 0
0.29 0.36 1 0
0.36 0.02 0 0.1
0.23 0.12 0 0.1
0.46 0.23 0 0.3
0.39 0.56 1 0.4
0.55 0.99 1 0.3
0.65 0.89 1 0.5

[outputs]
1 0 0 0
1 0 0 0
1 0 0 0
1 0 0 0
1 0 0 0
0 1 0 0
0 1 0 0
0 1 0 0
0 1 0 0
0 1 0 0
0 0 1 0
0 0 1 0
0 0 1 0
0 0 1 0
0 0 1 0
0 0 0 1
0 0 0 1
0 0 0 1
0 0 0 1
0 0 0 1






